-7.389376863680641172e-01
-1.921085891706393297e-03
-2.792642521082171030e-03
-4.082660044680239651e-03
-4.951169217262255985e-03
-6.138316125420506010e-03
-7.185619637408754978e-03
-8.305772912863893312e-03
-9.192585874163845122e-03
-1.042006369353383650e-02
-1.155681143259079495e-02
-1.230507514792013486e-02
-1.400694397604134063e-02
-1.466694498904970619e-02
-1.577873825197074684e-02
-1.718684394824526382e-02
-1.751152182063773696e-02
-1.879432120573341219e-02
-2.078273585912396304e-02
-2.147566541049171843e-02
-2.269339169626630529e-02
-2.367463781419350266e-02
-2.424034959510751319e-02
-2.603369993579450481e-02
-2.635872363545605293e-02
-2.785280912636770023e-02
-2.983580255045711199e-02
-3.053507638156571433e-02
-3.148878845551150718e-02
-3.296854168979625882e-02
-3.434815075374095944e-02
-3.611478921697624384e-02
-3.665729609487872881e-02
-3.748867447395703989e-02
-3.884176816924067577e-02
-3.963211736377818956e-02
-4.132430561709913436e-02
-4.238879466991358341e-02
-4.480537781744465403e-02
-4.643900067927392988e-02
-4.744401064282645353e-02
-4.939162371211063690e-02
-5.030549874000961319e-02
-5.255840193389651333e-02
-5.405234047612799547e-02
-5.550286938210469145e-02
-5.897518401853263370e-02
-5.830491194464280241e-02
-9.048449750218071075e-02
-8.880888603412141757e-02
-1.100588580733156407e-01
-1.080579428489542720e-01
-9.616312375948996016e-02
-1.449593714561015767e-01
-1.222017519112675726e-01
-1.546794752509677850e-01
-1.817894820114235865e-01
-1.894081824413588466e-01
-1.895605661637846107e-01
-2.114432624272039873e-01
-2.066193232468353791e-01
-2.224099603803955105e-01
-2.653832998229052609e-01
-2.818927793236439827e-01
-2.844383734248316364e-01
-3.173290536628032288e-01
-3.129925807085816580e-01
-3.462731524666516347e-01
-3.419795150380381954e-01
-3.919442373051117978e-01
-3.672726954999958604e-01
-4.184221310564773533e-01
-4.353323149311181250e-01
-4.583961856710291327e-01
-4.683997413989191005e-01
-5.144101960082466674e-01
-4.679780283409717412e-01
-5.281325867025452592e-01
-6.761850244589268089e-01
-5.147161396005743850e-01
-5.278615686467179602e-01
-6.682417577537744791e-01
-6.734431699190419618e-01
-6.896614461057856138e-01
-6.812065220361890328e-01
-6.681227260176979543e-01
-6.550651846432381520e-01
-6.613492906135858274e-01
-6.537935702777892821e-01
-6.782807561557222531e-01
-6.538094553551094812e-01
-6.042616606029372894e-01
-6.733919675617081602e-01
-6.403825127466385991e-01
-6.753491063212138101e-01
-6.729526497999755996e-01
-6.706979236456726001e-01
-6.434170414322346598e-01
-6.694513007434322871e-01
-6.563803008496699176e-01
