-1.358214285714290370e-01
-1.289357142857148752e-01
-1.496190476190479290e-01
-9.274214285714285078e-01
-1.638785714285717621e-01
-1.554000000000001214e-01
-1.790142857142858757e-01
-1.773642857142858353e-01
-9.262738095238094438e-01
-1.779880952380955561e-01
-1.966833333333333211e-01
-2.159499999999995867e-01
-1.883261904761904248e-01
-2.291642857142852929e-01
-2.825690476190468314e-01
-2.401904761904758712e-01
-2.410714285714281035e-01
-2.216571428571423030e-01
-2.977571428571417766e-01
-3.154904761904755994e-01
-2.494238095238089370e-01
-6.174047619047614566e-01
-4.321023809523803494e-01
-8.471309523809522624e-01
-4.531023809523800905e-01
-6.112952380952376696e-01
-8.699333333333331142e-01
-8.051595238095236029e-01
-5.634214285714278514e-01
-8.397190476190475872e-01
-4.580095238095238108e-01
-8.776952380952379729e-01
-8.691547619047619300e-01
-6.862619047619039625e-01
-8.588857142857138083e-01
-9.432380952380952088e-01
-9.362238095238095692e-01
-9.038880952380951017e-01
-7.459214285714281800e-01
-8.277547619047618266e-01
-8.221999999999999309e-01
-9.147833333333331707e-01
-8.077595238095233166e-01
-9.179952380952378643e-01
-7.914285714285712592e-01
-8.072738095238090050e-01
-8.978476190476188945e-01
-9.149857142857141801e-01
-9.113333333333333286e-01
-9.103095238095235686e-01
-8.580309523809522831e-01
-9.236738095238093971e-01
-4.394452380952376669e-01
-4.746166666666666312e-01
-9.345880952380951623e-01
-8.920666666666665634e-01
-9.287904761904759443e-01
-9.174976190476190618e-01
-9.083833333333332094e-01
-9.284976190476190716e-01
-4.591809523809524118e-01
-8.976047619047617943e-01
-9.089880952380950951e-01
-9.341476190476190045e-01
-9.281380952380950955e-01
-9.428404761904762843e-01
-6.139476190476190753e-01
-4.440833333333332744e-01
-9.109452380952379746e-01
-9.260595238095234993e-01
-9.308142857142857052e-01
-9.225095238095237793e-01
-8.991809523809521920e-01
-9.286833333333334162e-01
-9.500547619047616799e-01
-9.274690476190474708e-01
-8.953047619047617145e-01
-9.176476190476188233e-01
-9.293857142857141485e-01
-9.254285714285713782e-01
-9.133238095238093157e-01
-9.310285714285713166e-01
-9.028357142857142970e-01
-9.311380952380950982e-01
-5.109404761904761116e-01
-5.014547619047617921e-01
-9.209571428571426965e-01
-8.737333333333332508e-01
-9.176119047619046842e-01
-9.144499999999999851e-01
-9.384690476190474806e-01
-9.417690476190474502e-01
-9.297595238095236470e-01
-9.339333333333330600e-01
-8.932690476190473516e-01
-9.089428571428570525e-01
-9.109857142857141765e-01
-9.082404761904762092e-01
-9.263999999999998902e-01
-9.205071428571427461e-01
-9.378642857142855949e-01
