-9.245192982456137409e-01
-8.901508771929824704e-01
-7.797612192406877529e-03
-1.142782547263965220e-02
-1.159990673338812638e-02
-1.344737357192153301e-02
-1.675753539233589690e-02
-1.873218872726982800e-02
-2.127359488493447276e-02
-2.082558726885465339e-02
-2.491987679756905646e-02
-2.617215704846993785e-02
-2.677151458527925534e-02
-3.315834614536908309e-02
-3.508930649905791371e-02
-3.760865170810565733e-02
-3.765116675183061146e-02
-3.777638267494136393e-02
-4.604211705014486788e-02
-4.542115710715110416e-02
-4.922926444402957180e-02
-5.031744242834011033e-02
-5.270233774090348627e-02
-4.884551642021518758e-02
-5.912980510725401873e-02
-6.022477645902347965e-02
-6.056525978093239837e-02
-6.578254096421827513e-02
-6.717376827257869054e-02
-6.836032917061564407e-02
-7.240216994970305464e-02
-7.036432573642441290e-02
-7.771071579839008980e-02
-7.574825866545707720e-02
-8.251555017643297241e-02
-8.721271686275751389e-02
-9.100050445602814175e-02
-8.525911190532316219e-02
-9.409970225531717747e-02
-9.971121798393493829e-02
-9.171266339453032490e-02
-1.071471923270902321e-01
-1.032423756019257705e-01
-1.051196765147068973e-01
-1.088762523693472817e-01
-1.025429837484526652e-01
-1.094873881204232874e-01
-1.307165238947484431e-01
-1.280809564186168592e-01
-1.188424563129984179e-01
-1.221972984130561268e-01
-1.336159892520961956e-01
-1.544890774375071441e-01
-1.252581076505458746e-01
-1.279240245579517654e-01
-1.409711413035515948e-01
-1.534265627117853414e-01
-1.551026578102637499e-01
-1.704827278105807420e-01
-1.611034319806255999e-01
-1.654591717065561352e-01
-1.663081038738384032e-01
-1.636638079309168659e-01
-1.755154783976635435e-01
-1.788296204254318233e-01
-1.686600290953856052e-01
-1.809440465772515494e-01
-2.298588431998750403e-01
-2.227313664036896235e-01
-2.150111257436091716e-01
-2.402930536003520523e-01
-2.395463898669359659e-01
-2.383763614482609927e-01
-2.352312710746230218e-01
-1.936706659711365797e-01
-2.641441806370052880e-01
-2.851353673587360138e-01
-3.220047295373227869e-01
-2.847646404744262338e-01
-3.784893454377754596e-01
-2.893173344681800319e-01
-6.295730760367505008e-01
-4.541204206426233680e-01
-4.824317964198191477e-01
-6.375036060514575054e-01
-9.232098245614033249e-01
-9.295059649122806578e-01
-8.596962855844887397e-01
-9.212617543859646929e-01
-6.612708863486420618e-01
-5.166008566786465250e-01
-9.292371929824559951e-01
-9.320512280701750418e-01
-9.168652631578945167e-01
-9.247242105263155931e-01
-7.882644776573177747e-01
-5.601592071378749260e-01
-9.299038596491231434e-01
-9.434442105263155520e-01
-9.224224561403508993e-01
-9.265080701754384584e-01
-9.065747368421051000e-01
-9.037045614035087437e-01
-9.103705263157894079e-01
-9.123459649122808157e-01
-9.110217543859649991e-01
-9.248154385964909574e-01
-9.036007017543857822e-01
-9.378126315789472311e-01
-9.063754385964911675e-01
-5.250687719298247069e-01
-9.169992982456138808e-01
-9.486715789473684213e-01
-9.195754385964913791e-01
-9.209207017543858953e-01
-8.914133333333335019e-01
-9.321803508771933089e-01
-9.216645614035086087e-01
-9.319789473684210179e-01
-9.237024561403508471e-01
