-2.810264971113128965e-03
-4.507506178060295340e-03
-6.021648422748267920e-03
-7.453913534340375277e-03
-8.907785985292352576e-03
-1.096183904223461437e-02
-1.397026694373916349e-02
-1.302300321390309837e-02
-1.778104322820273780e-02
-1.908753644265791596e-02
-1.938480762327870338e-02
-2.349943365256780201e-02
-2.647437790928634446e-02
-2.326225112104556014e-02
-2.798405903150572027e-02
-3.445839383602094380e-02
-3.450084306522592514e-02
-3.554820254610280977e-02
-3.686701515907329224e-02
-3.886564457175371162e-02
-3.907579602335940760e-02
-4.367084045373720996e-02
-4.737545489877439953e-02
-4.657879354278718353e-02
-4.926040631223751326e-02
-5.204870754112400633e-02
-5.627176579114900878e-02
-5.649331357473239001e-02
-5.719583803667058902e-02
-6.094012090039611224e-02
-5.932828647395790855e-02
-6.555668835103344028e-02
-7.412641249895159101e-02
-7.021324328153881467e-02
-7.113992430577034676e-02
-7.937169021319441520e-02
-7.786732232733911685e-02
-8.085489407248885874e-02
-8.007298612362670487e-02
-8.939274565185119370e-02
-8.505978220193156913e-02
-9.048123765635326943e-02
-1.026840942281079805e-01
-9.864849120354191037e-02
-9.479143882884463745e-02
-9.680620522565015762e-02
-1.010293354937141369e-01
-1.119949265485388895e-01
-1.110898981524441886e-01
-1.132223059938606002e-01
-1.244613087689360603e-01
-1.205795185294160909e-01
-1.289879933050757654e-01
-1.471387352729016940e-01
-1.335544440319645088e-01
-1.364382935697753541e-01
-1.461001224691661493e-01
-1.361584039308041116e-01
-1.486586112497656764e-01
-1.538129563898476826e-01
-1.830690556266074132e-01
-2.017794324461062994e-01
-2.398065612099504473e-01
-1.646369494322413862e-01
-2.336190770564704755e-01
-2.820594135045906281e-01
-2.564233840504941964e-01
-2.315309725197073343e-01
-2.430682860228629005e-01
-3.626775572633918476e-01
-3.379144107010431108e-01
-3.116858915460187229e-01
-3.482612578480178134e-01
-8.749274193548383094e-01
-4.485902054806222838e-01
-4.648782049629097135e-01
-5.086095744264762519e-01
-4.184455738192939811e-01
-8.196304905750786407e-01
-4.192932586491492364e-01
-4.198452499137196869e-01
-4.352900667334699270e-01
-4.621986759265253042e-01
-8.294125576036855962e-01
-6.784901470996385076e-01
-8.451297235023031984e-01
-8.430119815668192240e-01
-8.385236175115201585e-01
-8.140807603686626148e-01
-4.848578069754233555e-01
-6.400809140531853458e-01
-8.630982718893999150e-01
-8.389599078341004601e-01
-8.236258064516124300e-01
-8.511883640552989627e-01
-8.479908986175110908e-01
-8.271711981566814975e-01
-8.328823732718884099e-01
-8.108173963133629147e-01
-7.997334101382472804e-01
