-5.848426651305705520e-02
-5.930617127496189134e-02
-6.360414362519235809e-02
-6.921069892473222240e-02
-6.961278033794211784e-02
-7.500124423963160092e-02
-8.057070276497751982e-02
-8.201846390169043044e-02
-8.800149769585306758e-02
-8.987374423963201409e-02
-9.219361367127525131e-02
-9.609957373271958703e-02
-1.648895583717343571e-01
-1.708477880184312847e-01
-1.992022273425484991e-01
-2.357014016897065745e-01
-2.181157872503828588e-01
-2.460604454685092479e-01
-2.572633141321027939e-01
-3.065402995391697805e-01
-3.342013901689696032e-01
-3.588576305683543466e-01
-3.944794700460840797e-01
-4.315342204301076956e-01
-4.752964669738869996e-01
-3.782144239631336502e-01
-4.468756413210439593e-01
-6.436983640552993435e-01
-6.421495583717351519e-01
-5.181841167434715345e-01
-6.172112058371728160e-01
-6.190270199692777808e-01
-6.399090745007680603e-01
-6.651816551459293070e-01
-7.976292319508444528e-01
-6.535416244239636852e-01
-7.877446505376342056e-01
-8.030230414746543088e-01
-6.176518241167429091e-01
-5.721549692780333318e-01
-7.688346466973884352e-01
-7.752067588325654013e-01
-6.147088863287250016e-01
-7.958669162826420562e-01
-7.883346812596000452e-01
-7.689811789554532595e-01
-7.457925729646688318e-01
-7.325336712749613843e-01
-7.833202073732720150e-01
-7.462722235023042661e-01
-7.773065399385563623e-01
-7.578384677419357507e-01
-6.895895084485412774e-01
-7.711921889400927821e-01
-7.674765399385550246e-01
-7.677756298003072244e-01
-7.682170660522268379e-01
-7.408432104454684142e-01
-7.356143317972350104e-01
-7.514462826420879038e-01
-7.662324539170504156e-01
-7.823292972350230912e-01
-7.783972619047614394e-01
-7.494668202764964704e-01
-7.436333333333328133e-01
-7.941618855606759064e-01
-7.055601536098309312e-01
-7.897318317972350510e-01
-7.536607680491550498e-01
-7.886569546850998869e-01
-7.563208794162821214e-01
-7.965272964669740663e-01
-7.233071582181249681e-01
-7.585712941628266481e-01
-7.639488748079874547e-01
-7.598479070660510981e-01
-7.731434754224262296e-01
-7.852531566820272202e-01
-7.102993087557594176e-01
-7.515888671274961741e-01
-7.685280491551457205e-01
-7.781690706605229879e-01
-7.756216282642089954e-01
-7.429470199692784771e-01
-7.653617703533014405e-01
-6.759998963133634353e-01
-7.904501420890938101e-01
-7.559193202764973307e-01
-7.999831144393236837e-01
-7.456543356374807363e-01
-7.750288786482335546e-01
-7.707420161290317040e-01
-7.777687288786485631e-01
-7.226897119815669512e-01
-8.013392857142856984e-01
-7.836529531490009637e-01
-7.566696735791089701e-01
-7.122892281105985823e-01
-7.484345276497690325e-01
-7.553135752688170390e-01
-7.847532872503829582e-01
