6.464646464646464641e-03
1.292929292929292928e-02
1.939393939393939392e-02
2.585858585858585856e-02
3.232323232323232320e-02
3.878787878787878785e-02
4.525252525252525249e-02
5.171717171717171713e-02
5.818181818181818177e-02
6.464646464646464641e-02
7.111111111111111105e-02
7.757575757575757569e-02
8.404040404040404033e-02
9.050505050505050497e-02
9.696969696969696961e-02
1.034343434343434343e-01
1.098989898989898989e-01
1.163636363636363635e-01
1.228282828282828282e-01
1.292929292929292928e-01
1.357575757575757713e-01
1.422222222222222221e-01
1.486868686868687006e-01
1.551515151515151514e-01
1.616161616161616299e-01
1.680808080808080807e-01
1.745454545454545592e-01
1.810101010101010099e-01
1.874747474747474885e-01
1.939393939393939392e-01
2.004040404040404177e-01
2.068686868686868685e-01
2.133333333333333470e-01
2.197979797979797978e-01
2.262626262626262763e-01
2.327272727272727271e-01
2.391919191919192056e-01
2.456565656565656564e-01
2.521212121212121349e-01
2.585858585858585856e-01
2.650505050505050364e-01
2.715151515151515427e-01
2.779797979797979934e-01
2.844444444444444442e-01
2.909090909090908950e-01
2.973737373737374012e-01
3.038383838383838520e-01
3.103030303030303028e-01
3.167676767676767535e-01
3.232323232323232598e-01
3.296969696969697106e-01
3.361616161616161613e-01
3.426262626262626121e-01
3.490909090909091184e-01
3.555555555555555691e-01
3.620202020202020199e-01
3.684848484848484707e-01
3.749494949494949769e-01
3.814141414141414277e-01
3.878787878787878785e-01
3.943434343434343292e-01
4.008080808080808355e-01
4.072727272727272863e-01
4.137373737373737370e-01
4.202020202020201878e-01
4.266666666666666941e-01
4.331313131313131448e-01
4.395959595959595956e-01
4.460606060606060463e-01
4.525252525252525526e-01
4.589898989898990034e-01
4.654545454545454541e-01
4.719191919191919049e-01
4.783838383838384112e-01
4.848484848484848619e-01
4.913131313131313127e-01
4.977777777777777635e-01
5.042424242424242697e-01
5.107070707070706650e-01
5.171717171717171713e-01
5.236363636363636775e-01
5.301010101010100728e-01
5.365656565656565791e-01
5.430303030303030853e-01
5.494949494949494806e-01
5.559595959595959869e-01
5.624242424242423821e-01
5.688888888888888884e-01
5.753535353535353947e-01
5.818181818181817899e-01
5.882828282828282962e-01
5.947474747474748025e-01
6.012121212121211977e-01
6.076767676767677040e-01
6.141414141414140992e-01
6.206060606060606055e-01
6.270707070707071118e-01
6.335353535353535070e-01
6.400000000000000133e-01
6.464646464646465196e-01
