2.500000000000000000e-01
2.583333333333333592e-01
2.666666666666666630e-01
2.750000000000000222e-01
2.833333333333333259e-01
2.916666666666666852e-01
2.999999999999999889e-01
3.083333333333333481e-01
3.166666666666666519e-01
3.250000000000000111e-01
3.333333333333333148e-01
3.416666666666666741e-01
3.499999999999999778e-01
3.583333333333333370e-01
3.666666666666666408e-01
3.750000000000000000e-01
3.833333333333333592e-01
3.916666666666666630e-01
4.000000000000000222e-01
4.083333333333333259e-01
4.166666666666666852e-01
4.249999999999999889e-01
4.333333333333333481e-01
4.416666666666666519e-01
4.500000000000000111e-01
4.583333333333333148e-01
4.666666666666666741e-01
4.749999999999999778e-01
4.833333333333333370e-01
4.916666666666666408e-01
5.000000000000000000e-01
5.083333333333333037e-01
5.166666666666667185e-01
5.250000000000000222e-01
5.333333333333333259e-01
5.416666666666666297e-01
5.500000000000000444e-01
5.583333333333333481e-01
5.666666666666666519e-01
5.749999999999999556e-01
5.833333333333333703e-01
5.916666666666666741e-01
5.999999999999999778e-01
6.083333333333332815e-01
6.166666666666666963e-01
6.250000000000000000e-01
6.333333333333333037e-01
6.416666666666667185e-01
6.500000000000000222e-01
6.583333333333333259e-01
6.666666666666666297e-01
6.750000000000000444e-01
6.833333333333333481e-01
6.916666666666666519e-01
6.999999999999999556e-01
7.083333333333333703e-01
7.166666666666666741e-01
7.249999999999999778e-01
7.333333333333332815e-01
7.416666666666666963e-01
7.500000000000000000e-01
7.583333333333333037e-01
7.666666666666667185e-01
7.750000000000000222e-01
7.833333333333333259e-01
7.916666666666666297e-01
8.000000000000000444e-01
8.083333333333333481e-01
8.166666666666666519e-01
8.249999999999999556e-01
8.333333333333333703e-01
8.416666666666666741e-01
8.499999999999999778e-01
8.583333333333332815e-01
8.666666666666666963e-01
8.750000000000000000e-01
8.833333333333333037e-01
8.916666666666667185e-01
9.000000000000000222e-01
9.083333333333333259e-01
9.166666666666666297e-01
9.250000000000000444e-01
9.333333333333333481e-01
9.416666666666666519e-01
9.499999999999999556e-01
9.583333333333333703e-01
9.666666666666666741e-01
9.749999999999999778e-01
9.833333333333332815e-01
9.916666666666666963e-01
1.000000000000000000e+00
1.008333333333333304e+00
1.016666666666666607e+00
1.024999999999999911e+00
1.033333333333333437e+00
1.041666666666666741e+00
1.050000000000000044e+00
1.058333333333333348e+00
1.066666666666666652e+00
1.074999999999999956e+00
1.083333333333333259e+00
