6.048387096774193381e-03
1.209677419354838676e-02
1.814516129032258188e-02
2.419354838709677352e-02
3.024193548387096864e-02
3.629032258064516375e-02
4.233870967741935193e-02
4.838709677419354704e-02
5.443548387096774216e-02
6.048387096774193727e-02
6.653225806451612545e-02
7.258064516129032751e-02
7.862903225806451568e-02
8.467741935483870386e-02
9.072580645161290591e-02
9.677419354838709409e-02
1.028225806451612961e-01
1.088709677419354843e-01
1.149193548387096725e-01
1.209677419354838745e-01
1.270161290322580627e-01
1.330645161290322509e-01
1.391129032258064391e-01
1.451612903225806550e-01
1.512096774193548432e-01
1.572580645161290314e-01
1.633064516129032195e-01
1.693548387096774077e-01
1.754032258064516236e-01
1.814516129032258118e-01
1.875000000000000000e-01
1.935483870967741882e-01
1.995967741935483764e-01
2.056451612903225923e-01
2.116935483870967805e-01
2.177419354838709686e-01
2.237903225806451568e-01
2.298387096774193450e-01
2.358870967741935609e-01
2.419354838709677491e-01
2.479838709677419373e-01
2.540322580645161255e-01
2.600806451612903136e-01
2.661290322580645018e-01
2.721774193548386900e-01
2.782258064516128782e-01
2.842741935483871218e-01
2.903225806451613100e-01
2.963709677419354982e-01
3.024193548387096864e-01
3.084677419354838745e-01
3.145161290322580627e-01
3.205645161290322509e-01
3.266129032258064391e-01
3.326612903225806273e-01
3.387096774193548154e-01
3.447580645161290591e-01
3.508064516129032473e-01
3.568548387096774355e-01
3.629032258064516236e-01
3.689516129032258118e-01
3.750000000000000000e-01
3.810483870967741882e-01
3.870967741935483764e-01
3.931451612903225645e-01
3.991935483870967527e-01
4.052419354838709409e-01
4.112903225806451846e-01
4.173387096774193727e-01
4.233870967741935609e-01
4.294354838709677491e-01
4.354838709677419373e-01
4.415322580645161255e-01
4.475806451612903136e-01
4.536290322580645018e-01
4.596774193548386900e-01
4.657258064516128782e-01
4.717741935483871218e-01
4.778225806451613100e-01
4.838709677419354982e-01
4.899193548387096864e-01
4.959677419354838745e-01
5.020161290322581182e-01
5.080645161290322509e-01
5.141129032258064946e-01
5.201612903225806273e-01
5.262096774193548709e-01
5.322580645161290036e-01
5.383064516129032473e-01
5.443548387096773800e-01
5.504032258064516236e-01
5.564516129032257563e-01
5.625000000000000000e-01
5.685483870967742437e-01
5.745967741935483764e-01
5.806451612903226200e-01
5.866935483870967527e-01
5.927419354838709964e-01
5.987903225806451291e-01
6.048387096774193727e-01
