2.480158730158730229e-01
2.579365079365079638e-01
2.678571428571428492e-01
2.777777777777777901e-01
2.876984126984126755e-01
2.976190476190476164e-01
3.075396825396825573e-01
3.174603174603174427e-01
3.273809523809523836e-01
3.373015873015873245e-01
3.472222222222222099e-01
3.571428571428571508e-01
3.670634920634920362e-01
3.769841269841269771e-01
3.869047619047619180e-01
3.968253968253968034e-01
4.067460317460317443e-01
4.166666666666666852e-01
4.265873015873015706e-01
4.365079365079365115e-01
4.464285714285714524e-01
4.563492063492063378e-01
4.662698412698412787e-01
4.761904761904761640e-01
4.861111111111111049e-01
4.960317460317460458e-01
5.059523809523809312e-01
5.158730158730159276e-01
5.257936507936508130e-01
5.357142857142856984e-01
5.456349206349205838e-01
5.555555555555555802e-01
5.654761904761904656e-01
5.753968253968253510e-01
5.853174603174603474e-01
5.952380952380952328e-01
6.051587301587301182e-01
6.150793650793651146e-01
6.250000000000000000e-01
6.349206349206348854e-01
6.448412698412698818e-01
6.547619047619047672e-01
6.646825396825396526e-01
6.746031746031746490e-01
6.845238095238095344e-01
6.944444444444444198e-01
7.043650793650794162e-01
7.142857142857143016e-01
7.242063492063491870e-01
7.341269841269840724e-01
7.440476190476190688e-01
7.539682539682539542e-01
7.638888888888888395e-01
7.738095238095238360e-01
7.837301587301587213e-01
7.936507936507936067e-01
8.035714285714286031e-01
8.134920634920634885e-01
8.234126984126983739e-01
8.333333333333333703e-01
8.432539682539682557e-01
8.531746031746031411e-01
8.630952380952381375e-01
8.730158730158730229e-01
8.829365079365079083e-01
8.928571428571429047e-01
9.027777777777777901e-01
9.126984126984126755e-01
9.226190476190476719e-01
9.325396825396825573e-01
9.424603174603174427e-01
9.523809523809523281e-01
9.623015873015873245e-01
9.722222222222222099e-01
9.821428571428570953e-01
9.920634920634920917e-01
1.001984126984126977e+00
1.011904761904761862e+00
1.021825396825396748e+00
1.031746031746031855e+00
1.041666666666666741e+00
1.051587301587301626e+00
1.061507936507936511e+00
1.071428571428571397e+00
1.081349206349206282e+00
1.091269841269841168e+00
1.101190476190476275e+00
1.111111111111111160e+00
1.121031746031746046e+00
1.130952380952380931e+00
1.140873015873015817e+00
1.150793650793650702e+00
1.160714285714285809e+00
1.170634920634920695e+00
1.180555555555555580e+00
1.190476190476190466e+00
1.200396825396825351e+00
1.210317460317460236e+00
1.220238095238095344e+00
1.230158730158730229e+00
1.240079365079365115e+00
